% number of nodes: 445
% number of elements: 772


%coordinates:
T.coordinates=[
2.2 0
2.2 0.41
2.2 0.273299
2.2 0.341597
2.15409 0.318866
2.13119 0
2.2 0.0684026
2.13119 0.41
2.14834 0.25625
2.2 0.205
2.09669 0.3075
2.10819 0.364433
2.2 0.136701
2.09671 0.05125
2.06228 0
2.13114 0.1025
2.06228 0.41
2.14834 0.15375
2.09669 0.193611
2.09669 0.244861
2.04503 0.35875
2.04505 0.290423
2.04503 0.05125
2.07086 0.145208
1.99337 0
1.99337 0.41
2.04503 0.233472
2.0192 0.185069
1.99337 0.341667
1.99337 0.273333
1.95318 0.3075
1.99337 0.0683333
1.99337 0.136667
1.92446 0.0683333
1.92446 0
1.92446 0.41
1.95892 0.205
1.91298 0.341667
1.90149 0.273333
1.90724 0.205
1.92446 0.136667
1.88427 0.1025
1.85555 0
1.84407 0.0683333
1.85555 0.41
1.85555 0.341667
1.84407 0.273333
1.85555 0.205
1.83258 0.136667
1.78664 0
1.78664 0.0683333
1.78664 0.341667
1.78664 0.41
1.78664 0.273333
1.78664 0.205
1.71774 0
1.74071 0.136667
1.71774 0.0683333
1.71774 0.273333
1.71774 0.341667
1.71774 0.41
1.71774 0.205
1.64883 0.0683333
1.64883 0
1.64883 0.136667
1.64883 0.341667
1.64883 0.273333
1.64883 0.41
1.64883 0.205
1.57992 0.0683333
1.57992 0
1.57992 0.136667
1.57992 0.341667
1.57992 0.41
1.57992 0.273333
1.57992 0.205
1.52249 0.0683333
1.51101 0
1.53398 0.170833
1.48804 0.136667
1.51101 0.341667
1.51962 0.290417
1.51101 0.41
1.52823 0.239167
1.4421 0.0683333
1.4421 0
1.47655 0.205
1.39616 0.136667
1.45358 0.341667
1.46507 0.273333
1.4421 0.41
1.38467 0.0683333
1.37319 0
1.40764 0.205
1.41338 0.3075
1.33873 0.205
1.32725 0.136667
1.37319 0.341667
1.37319 0.273333
1.37319 0.41
1.30428 0.0683333
1.30428 0
1.26982 0.205
1.30428 0.273333
1.25834 0.136667
1.30428 0.341667
1.30428 0.41
1.23537 0.0683333
1.23537 0
1.26408 0.3075
1.20091 0.205
1.2124 0.273333
1.20091 0.136667
1.22388 0.341667
1.23537 0.41
1.17794 0.0683333
1.16646 0
1.132 0.205
1.15497 0.273333
1.14349 0.136667
1.16646 0.341667
1.16646 0.41
1.09755 0.0683333
1.09755 0
1.06309 0.205
1.09755 0.273333
1.05161 0.136667
1.09755 0.341667
1.09755 0.41
1.02864 0.0683333
1.02864 0
1.05735 0.3075
1.00567 0.273333
0.994181 0.205
0.982696 0.136667
1.01715 0.341667
1.02864 0.41
0.971211 0.0683333
0.959726 0
0.931013 0.1025
0.936756 0.273333
0.959726 0.341667
0.925271 0.205
0.890816 0.136667
0.959726 0.41
0.890816 0.0683333
0.890816 0
0.867846 0.273333
0.879331 0.341667
0.890816 0.41
0.856361 0.205
0.821906 0.136667
0.821906 0.0683333
0.821906 0
0.798936 0.273333
0.821906 0.341667
0.821906 0.41
0.787451 0.205
0.752996 0.136667
0.752996 0.0683333
0.752996 0
0.735769 0.205
0.712799 0.1025
0.249384 0.192178
0.730026 0.273333
0.741511 0.341667
0.752996 0.41
0.684086 0.205
0.661116 0.136667
0.672601 0.0683333
0.684086 0
0.247553 0.184549
0.25 0.2
0.254973 0.185426
0.256391 0.194378
0.249384 0.207822
0.615176 0.0683333
0.603691 0.136667
0.684086 0.341667
0.638146 0.273333
0.684086 0.41
0.615176 0.205
0.615176 0
0.253206 0.178065
0.24455 0.1773
0.256391 0.205903
0.264172 0.187533
0.267132 0.198242
0.255793 0.213505
0.247553 0.215451
0.546266 0.0683333
0.546266 0.136667
0.546266 0.205
0.271674 0.172642
0.298982 0.213645
0.477356 0.205
0.377307 0.204521
0.477356 0.136667
0.316241 0.191698
0.421275 0.182899
0.377442 0.165626
0.291894 0.196438
0.343038 0.19433
0.281101 0.187798
0.615176 0.341667
0.546266 0.273333
0.615176 0.41
0.546266 0
0.260404 0.169808
0.248999 0.168997
0.240451 0.170611
0.27726 0.205369
0.263595 0.220425
0.253206 0.222287
0.24455 0.2227
0.477356 0.0683333
0.477356 0.273333
0.269562 0.159304
0.285203 0.169033
0.285203 0.216645
0.298885 0.232641
0.316154 0.21676
0.417871 0.23907
0.342919 0.228453
0.377172 0.243417
0.411631 0.116135
0.302361 0.177042
0.316328 0.166637
0.369896 0.132449
0.343205 0.152134
0.235355 0.164645
0.229389 0.159549
0.240451 0.229389
0.534781 0.341667
0.546266 0.41
0.477356 0
0.25142 0.151724
0.240235 0.156934
0.273658 0.221852
0.260404 0.230991
0.250309 0.229281
0.431428 0.0404022
0.477356 0.341667
0.431427 0.305941
0.263108 0.146389
0.281215 0.145938
0.299271 0.156657
0.285203 0.232516
0.298789 0.251636
0.316066 0.241821
0.393712 0.277306
0.342842 0.256581
0.391164 0.0827044
0.36271 0.100852
0.316415 0.141576
0.337287 0.123216
0.232908 0.151891
0.2227 0.15545
0.235355 0.235355
0.245091 0.237848
0.27521 0.13037
0.477356 0.41
0.408447 0
0.24018 0.142123
0.25596 0.132082
0.269562 0.242064
0.255065 0.243434
0.370136 0.0483583
0.431428 0.367578
0.393697 0.332727
0.296053 0.128918
0.281215 0.256154
0.315979 0.266882
0.297333 0.268767
0.36271 0.304105
0.336908 0.285442
0.338966 0.0796954
0.314928 0.107269
0.225392 0.146717
0.215451 0.152447
0.237337 0.245166
0.229389 0.240451
0.26833 0.112532
0.2227 0.24455
0.408447 0.41
0.339537 0
0.222998 0.131594
0.234804 0.116189
0.263336 0.259743
0.24018 0.259245
0.310964 0.0533342
0.369987 0.361115
0.33767 0.329117
0.285194 0.0858805
0.27521 0.272222
0.313182 0.301132
0.28961 0.295615
0.216553 0.143452
0.207822 0.150616
0.225392 0.253844
0.242769 0.0903546
0.215451 0.247553
0.2 0.15
0.339537 0.41
0.270627 0
0.207394 0.140068
0.211208 0.117487
0.218278 0.0946537
0.244264 0.279464
0.229256 0.267183
0.254206 0.0532605
0.308198 0.357465
0.285194 0.318903
0.26833 0.290633
0.214679 0.256678
0.207822 0.249384
0.192846 0.140068
0.192178 0.150616
0.270627 0.41
0.201717 0
0.193877 0.123786
0.195469 0.0986576
0.194895 0.0605786
0.250125 0.308488
0.229386 0.288581
0.213572 0.269774
0.258542 0.350163
0.200096 0.258988
0.2 0.25
0.182802 0.137336
0.184549 0.152447
0 0.41
0 0.0540527
0 0
0.0642267 0
0.132807 0
0.201717 0.41
0.150535 0.0522317
0.166063 0.116189
0.171214 0.134185
0.162882 0.0886094
0.2097 0.315578
0.211982 0.288581
0.200235 0.271887
0.206422 0.354342
0.192213 0.263599
0.192178 0.249384
0.174801 0.146717
0.1773 0.15545
0 0.355947
0.0642267 0.41
0 0.104368
0.0471832 0.0517348
0.0943664 0.0494168
0.132807 0.41
0 0.305632
0.145759 0.351909
0.116517 0.0857341
0.160289 0.142123
0.132773 0.112389
0.144714 0.131967
0.194587 0.28995
0.178282 0.33097
0.177471 0.269774
0.185514 0.256678
0.184549 0.247553
0.162856 0.155396
0.170611 0.159549
0.0400873 0.337135
0.0950746 0.344823
0 0.154684
0.0406452 0.119249
0.0794972 0.102087
0.0393871 0.28681
0 0.255316
0 0.205
0.11661 0.315332
0.15478 0.31145
0.105207 0.125888
0.14589 0.146531
0.131528 0.13983
0.166063 0.286337
0.165439 0.263644
0.174801 0.253844
0.1773 0.24455
0.146825 0.158121
0.156774 0.161763
0.164645 0.164645
0.0733737 0.307542
0.0418162 0.165094
0.0761726 0.140106
0.0705351 0.271926
0.0423247 0.244248
0.0423247 0.207902
0.133085 0.292773
0.0986168 0.2851
0.101424 0.151954
0.118342 0.147693
0.134238 0.153513
0.154083 0.272031
0.157225 0.254729
0.162856 0.245166
0.170611 0.240451
0.15068 0.166928
0.14126 0.166126
0.159549 0.170611
0.0737865 0.173053
0.0951859 0.260146
0.0746838 0.235786
0.0746838 0.21012
0.125865 0.267738
0.120733 0.17225
0.0982698 0.179147
0.135509 0.174399
0.143536 0.259436
0.14975 0.246617
0.156774 0.238715
0.164645 0.235355
0.146808 0.176043
0.15545 0.1773
0.11468 0.250831
0.0994649 0.229306
0.0994649 0.211819
0.134239 0.248334
0.131295 0.187369
0.116978 0.195042
0.143972 0.182889
0.151922 0.233034
0.142281 0.237641
0.159549 0.229389
0.152447 0.184549
0.120733 0.229984
0.118401 0.213117
0.135509 0.226883
0.142243 0.190094
0.140039 0.200332
0.131295 0.20746
0.150616 0.192178
0.146808 0.224513
0.15545 0.2227
0.143972 0.217667
0.15 0.2
0.142243 0.207665
0.152447 0.215451
0.150616 0.207822
];


%connectivity on each element:
