% number of nodes: 475
% number of elements: 792


%coordinates:
T.coordinates=[
2.2 0
2.2 0.41
2.2 0.273299
2.2 0.341597
2.15409 0.318866
2.2 0.0684026
2.13119 0
2.13119 0.41
2.14834 0.25625
2.2 0.205
2.09669 0.3075
2.10819 0.364433
2.2 0.136701
2.13114 0.1025
2.10819 0.0455671
2.06228 0
2.06228 0.41
2.14834 0.15375
2.09669 0.216389
2.04503 0.35875
2.05076 0.273333
2.04503 0.05125
2.07086 0.145208
1.99337 0
1.99337 0.41
2.03785 0.192188
1.99911 0.290417
1.99337 0.341667
2.00484 0.239167
1.94743 0.273333
1.99337 0.136667
1.98189 0.0683333
1.92446 0
1.93595 0.341667
1.92446 0.41
1.95892 0.205
1.89001 0.205
1.87852 0.273333
1.91298 0.0683333
1.90149 0.136667
1.85555 0
1.86704 0.341667
1.85555 0.41
1.84981 0.170833
1.83258 0.239167
1.82684 0.3075
1.85555 0.0683333
1.80961 0.136667
1.78664 0
1.79813 0.0683333
1.78664 0.341667
1.78664 0.41
1.78664 0.205
1.78664 0.273333
1.75793 0.1025
1.73496 0.205
1.71774 0.136667
1.71774 0.0683333
1.71774 0
1.72922 0.341667
1.71774 0.41
1.69477 0.273333
1.68328 0.205
1.64883 0
1.64883 0.0683333
1.62586 0.136667
1.64883 0.341667
1.64883 0.41
1.63734 0.273333
1.61437 0.205
1.57992 0
1.51101 0
1.56843 0.0683333
1.56843 0.136667
1.5914 0.341667
1.57992 0.41
1.57992 0.273333
1.54546 0.205
1.49952 0.0683333
1.4421 0
1.51101 0.136667
1.51101 0.341667
1.51101 0.41
1.51101 0.273333
1.47655 0.205
1.43061 0.0683333
1.37319 0
1.4421 0.41
1.41913 0.136667
1.45358 0.273333
1.4421 0.341667
1.40764 0.205
1.37319 0.0683333
1.30428 0
1.38467 0.341667
1.37319 0.41
1.32725 0.136667
1.39616 0.273333
1.33873 0.205
1.29279 0.0683333
1.23537 0
1.34447 0.3075
1.30428 0.341667
1.30428 0.41
1.23537 0.0683333
1.26982 0.205
1.23537 0.136667
1.30428 0.273333
1.17794 0.0683333
1.16646 0
1.23537 0.341667
1.23537 0.41
1.20091 0.205
1.2124 0.273333
1.14349 0.136667
1.09755 0.0683333
1.09755 0
1.16646 0.341667
1.16646 0.41
1.132 0.205
1.12052 0.273333
1.07458 0.136667
1.01715 0.0683333
1.02864 0
1.10903 0.341667
1.09755 0.41
1.06309 0.205
1.05161 0.273333
1.00567 0.136667
0.959726 0
0.948241 0.0683333
1.04012 0.341667
1.02864 0.41
1.01141 0.205
0.948241 0.136667
0.982696 0.273333
0.959726 0.205
0.890816 0
0.890816 0.0683333
0.971211 0.341667
0.959726 0.41
0.890816 0.136667
0.890816 0.205
0.931013 0.3075
0.3 0.2
0.890816 0.273333
0.821906 0
0.821906 0.136667
0.810421 0.0683333
0.890816 0.341667
0.890816 0.41
0.821906 0.205
0.305457 0.204462
0.299692 0.192154
0.299692 0.207846
0.306379 0.195659
0.821906 0.273333
0.298769 0.184357
0.298769 0.215643
0.752996 0.205
0.821906 0.341667
0.752996 0
0.752996 0.136667
0.752996 0.0683333
0.821906 0.41
0.752996 0.273333
0.305243 0.214162
0.314993 0.200175
0.312235 0.210002
0.312426 0.185988
0.305047 0.177876
0.297237 0.176655
0.297237 0.223345
0.303884 0.222749
0.701314 0.205
0.295106 0.169098
0.295106 0.230902
0.684086 0.136667
0.752996 0.41
0.741511 0.341667
0.695571 0.0683333
0.684086 0
0.684086 0.273333
0.312139 0.222009
0.323216 0.216238
0.331477 0.204115
0.328656 0.182591
0.313889 0.176799
0.303569 0.170445
0.301706 0.230845
0.649631 0.205
0.292388 0.161732
0.300416 0.161175
0.292388 0.238268
0.29966 0.238098
0.615176 0.136667
0.289101 0.154601
0.289101 0.245399
0.684086 0.341667
0.285264 0.14775
0.684086 0.41
0.615176 0
0.603691 0.0683333
0.615176 0.273333
0.626661 0.341667
0.31163 0.23826
0.320707 0.231758
0.341235 0.229064
0.354218 0.182963
0.35094 0.207378
0.331603 0.164362
0.309553 0.157092
0.580721 0.205
0.295933 0.150037
0.297826 0.246315
0.546266 0.136667
0.285264 0.25225
0.280902 0.141221
0.291036 0.140827
0.270711 0.129289
0.276041 0.264945
0.276041 0.135055
0.264945 0.123959
0.280902 0.258779
0.388015 0.166319
0.429812 0.178413
0.477356 0.136667
0.511811 0.205
0.615176 0.41
0.546266 0
0.534781 0.0683333
0.557751 0.341667
0.546266 0.273333
0.313465 0.259912
0.33135 0.243868
0.344807 0.253053
0.365893 0.234538
0.357634 0.157528
0.39355 0.210254
0.321885 0.152481
0.336144 0.145774
0.305241 0.143821
0.302318 0.263628
0.291036 0.259641
0.28501 0.131327
0.298906 0.131387
0.27759 0.123301
0.285395 0.266283
0.279609 0.273097
0.270711 0.270711
0.258779 0.119098
0.270171 0.115275
0.427067 0.134209
0.389408 0.132368
0.451995 0.2227
0.477356 0.0683333
0.477356 0.273333
0.264945 0.276041
0.258779 0.280902
0.25225 0.114736
0.546266 0.41
0.477356 0
0.488841 0.341667
0.328148 0.265982
0.312712 0.277964
0.374295 0.257565
0.360996 0.2776
0.361197 0.130989
0.416617 0.26404
0.315349 0.129735
0.331829 0.127077
0.292691 0.273837
0.29135 0.116057
0.307476 0.111336
0.28473 0.284795
0.270171 0.285426
0.262281 0.109827
0.278236 0.101871
0.400249 0.0795979
0.373568 0.107141
0.434185 0.0445661
0.434181 0.302871
0.262281 0.290984
0.25225 0.285264
0.253956 0.104081
0.245399 0.110899
0.238268 0.107612
0.477356 0.41
0.408447 0
0.434185 0.363016
0.342349 0.290084
0.298975 0.292103
0.324263 0.302193
0.372677 0.301523
0.326885 0.105655
0.294459 0.0846776
0.288099 0.3059
0.273169 0.303906
0.261772 0.0890112
0.347919 0.0843478
0.374359 0.0508564
0.400249 0.326085
0.253956 0.296848
0.245399 0.289101
0.241273 0.0976183
0.230902 0.104894
0.192154 0.100308
0.215643 0.101231
0.238268 0.292388
0.223345 0.102763
0.207846 0.100308
0.2 0.1
0.408447 0.41
0.339537 0
0.378638 0.359969
0.346204 0.324156
0.307995 0.318321
0.316241 0.0561073
0.274862 0.0685292
0.286644 0.325447
0.262867 0.325447
0.235289 0.0768026
0.241273 0.303311
0.227736 0.0932196
0.193042 0.0909927
0.184357 0.101231
0.217506 0.0921062
0.230902 0.295106
0.207277 0.0909927
0.2 0.3
0.223345 0.297237
0.169098 0.104894
0.161732 0.107612
0.192154 0.299692
0.215643 0.298769
0.176655 0.102763
0.207846 0.299692
0.339537 0.41
0.270627 0
0.319451 0.358199
0.251854 0.0495706
0.261942 0.351049
0.240937 0.324131
0.217881 0.0768025
0.227736 0.307709
0.188742 0.0756582
0.178983 0.0932195
0.200159 0.310216
0.165728 0.095153
0.152577 0.1006
0.154601 0.110899
0.189571 0.308962
0.184357 0.298769
0.21435 0.309099
0.141221 0.119098
0.14775 0.114736
0.176655 0.297237
0.270627 0.41
0.201717 0
0.197198 0.0474032
0.231424 0.354533
0.212125 0.326869
0.165578 0.0768026
0.188742 0.326869
0.143975 0.0857505
0.143961 0.105795
0.178983 0.307709
0.135802 0.110715
0.135055 0.123959
0.169014 0.30551
0.169098 0.295106
0.161732 0.292388
0.201717 0.41
0.149957 0.0495706
0.132807 0
0.200905 0.358017
0.165578 0.325724
0.114585 0.0778966
0.122388 0.10179
0.12471 0.120189
0.129289 0.129289
0.159045 0.30331
0.154601 0.289101
0.123959 0.135055
0 0
0.0642267 0
0.132807 0.41
0.146476 0.354421
0.0900237 0.0512625
0.138318 0.325447
0.0925336 0.0867266
0.102064 0.104555
0.108964 0.117461
0.1207 0.127634
0.146362 0.296848
0.14775 0.285264
0.119098 0.141221
0.0508867 0.0447178
0 0.0540527
0.141221 0.280902
0.0642267 0.41
0.0923099 0.356886
0.10198 0.329175
0.0709794 0.0953573
0.122388 0.299998
0.0929197 0.122279
0.104472 0.130231
0.109285 0.138185
0.135802 0.289989
0.114736 0.14775
0.0409867 0.0779039
0 0.104368
0.135055 0.276041
0 0.355947
0.129289 0.270711
0.110899 0.154601
0 0.41
0.107612 0.161732
0.0478188 0.356433
0.0647253 0.323505
0.0947281 0.29948
0.0742328 0.127339
0.0409618 0.122922
0.11528 0.287397
0.0915294 0.138976
0.101762 0.150462
0.125615 0.278577
0 0.154684
0 0.305632
0.123959 0.264945
0.104894 0.169098
0.0987451 0.161151
0.102763 0.176655
0.0392971 0.292733
0.07098 0.28646
0.108964 0.276201
0.0890888 0.27639
0.0691225 0.154632
0.0373908 0.165644
0.0858463 0.160306
0.115724 0.267648
0 0.205
0 0.255316
0.119098 0.258779
0.0942957 0.174845
0.101231 0.184357
0.0409618 0.251653
0.0680937 0.262565
0.0915294 0.263047
0.110583 0.260192
0.0630964 0.173179
0.0443375 0.206258
0.080756 0.178355
0.114736 0.25225
0.0902704 0.186592
0.100308 0.192154
0.0898589 0.197065
0.06538 0.240099
0.0640512 0.216434
0.0884687 0.247405
0.105282 0.252502
0.0720908 0.195768
0.110899 0.245399
0.1 0.2
0.0894474 0.207538
0.0819781 0.219634
0.0836785 0.23584
0.0987451 0.239673
0.107612 0.238268
0.100308 0.207846
0.0919277 0.216972
0.0942956 0.225979
0.104894 0.230902
0.101231 0.215643
0.102763 0.223345
];


%connectivity on each element:
